[[-0.2007   0.01275 -0.28244  0.4712 ]
 [-0.2007   0.01119 -0.20052  0.4712 ]
 [-0.2007   0.01339 -0.27101 -0.4189 ]
 [-0.2007   0.01186 -0.19062 -0.4189 ]
 [-0.2007   0.01422 -0.36127  0.4712 ]
 [-0.16849  0.01373 -0.32743  0.4712 ]
 [-0.17558  0.01384 -0.33511  0.4712 ]
 [-0.15938  0.01465 -0.32872 -0.4189 ]
 [-0.16648  0.01476 -0.3364  -0.4189 ]
 [-0.2007   0.01523 -0.36964 -0.4189 ]
 [-0.2007   0.01517 -0.37097 -0.32957]
 [-0.2007   0.01527 -0.37207 -0.4189 ]
 [-0.19979  0.01526 -0.3711  -0.4189 ]
 [-0.2007  -0.00212 -0.43053  0.4712 ]
 [-0.2007   0.0139  -0.37003  0.4712 ]
 [-0.2007   0.01514 -0.37582 -0.4189 ]
 [-0.2007   0.01158 -0.42124  0.4712 ]
 [-0.2007   0.01277 -0.42816 -0.4189 ]
 [-0.13051  0.0131  -0.2868   0.4712 ]
 [-0.13716  0.01322 -0.29416  0.4712 ]
 [-0.1214   0.01402 -0.28809 -0.4189 ]
 [-0.12805  0.01413 -0.29545 -0.4189 ]
 [-0.2007   0.00485  0.12469  0.4712 ]
 [-0.2007   0.00589  0.11536 -0.4189 ]
 [ 0.2007  -0.01403  0.24521  0.4712 ]
 [ 0.2007  -0.01583  0.33985  0.4712 ]
 [ 0.2007  -0.01336  0.25512 -0.4189 ]
 [ 0.2007   0.00086 -0.18022 -0.4189 ]
 [ 0.2007   0.00098 -0.1775  -0.4189 ]
 [ 0.2007   0.00102 -0.17644 -0.4189 ]
 [ 0.2007   0.00106 -0.17529 -0.4189 ]
 [-0.2007   0.01307 -0.39014  0.4712 ]
 [-0.2007   0.01231 -0.40703  0.4712 ]
 [-0.2007   0.01429 -0.39637 -0.4189 ]
 [-0.2007   0.01351 -0.41364 -0.4189 ]
 [ 0.2007   0.0009  -0.17938 -0.4189 ]
 [ 0.2007   0.00094 -0.17848 -0.4189 ]
 [-0.2007   0.0109  -0.43317  0.4712 ]
 [-0.2007   0.01025 -0.44317  0.4712 ]
 [-0.2007   0.01207 -0.44035 -0.4189 ]
 [-0.2007   0.01141 -0.45056 -0.4189 ]
 [ 0.2007   0.00077 -0.18169 -0.4189 ]
 [ 0.2007   0.00082 -0.18098 -0.4189 ]
 [-0.2007  -0.00164 -0.43598  0.4712 ]
 [-0.2007  -0.001   -0.44286  0.4712 ]
 [ 0.2007  -0.00229 -0.16684  0.4712 ]
 [ 0.2007  -0.00211 -0.16877  0.4712 ]
 [ 0.2007  -0.00136 -0.17424 -0.4189 ]
 [ 0.2007  -0.00117 -0.17629 -0.4189 ]
 [-0.2007   0.00019 -0.45452  0.4712 ]
 [-0.2007  -0.00039 -0.44902  0.4712 ]
 [-0.2007   0.00116 -0.46223 -0.4189 ]
 [ 0.2007  -0.0018  -0.17184  0.4712 ]
 [ 0.2007  -0.00195 -0.17043  0.4712 ]
 [ 0.2007  -0.00083 -0.17955 -0.4189 ]
 [ 0.2007  -0.00099 -0.17804 -0.4189 ]
 [ 0.19542 -0.01599  0.34722  0.4712 ]
 [ 0.2007  -0.01546  0.34647 -0.04447]
 [ 0.2007  -0.01501  0.34186 -0.4189 ]
 [ 0.2007  -0.00744 -0.09197  0.4712 ]
 [ 0.2007  -0.0064  -0.1013  -0.4189 ]
 [-0.2007   0.00686 -0.475    0.4712 ]
 [-0.2007   0.00738 -0.47226  0.4712 ]
 [-0.2007   0.00795 -0.48307 -0.4189 ]
 [-0.2007   0.00848 -0.48027 -0.4189 ]
 [ 0.2007   0.00045 -0.1846  -0.4189 ]
 [ 0.2007   0.00051 -0.18428 -0.4189 ]
 [-0.2007   0.00584 -0.47823  0.4712 ]
 [-0.2007   0.00635 -0.47697  0.4712 ]
 [-0.2007   0.00691 -0.48636 -0.4189 ]
 [-0.2007   0.00742 -0.48507 -0.4189 ]
 [ 0.2007   0.00031 -0.18502 -0.4189 ]
 [ 0.2007   0.00038 -0.18485 -0.4189 ]
 [-0.2007   0.00963 -0.4515   0.4712 ]
 [-0.2007   0.00904 -0.45841  0.4712 ]
 [-0.2007   0.01078 -0.45908 -0.4189 ]
 [-0.2007   0.01017 -0.46613 -0.4189 ]
 [ 0.2007   0.00072 -0.18233 -0.4189 ]
 [ 0.2007   0.00067 -0.18291 -0.4189 ]
 [-0.2007   0.00792 -0.46865  0.4712 ]
 [-0.2007   0.00847 -0.46408  0.4712 ]
 [-0.2007   0.00903 -0.47659 -0.4189 ]
 [-0.2007   0.00959 -0.47192 -0.4189 ]
 [ 0.2007   0.00057 -0.18389 -0.4189 ]
 [ 0.2007   0.00062 -0.18343 -0.4189 ]
 [-0.2007   0.00235 -0.47064  0.4712 ]
 [-0.2007   0.00286 -0.47333  0.4712 ]
 [-0.2007   0.00335 -0.47863 -0.4189 ]
 [-0.2007   0.00387 -0.48137 -0.4189 ]
 [ 0.2007  -0.00131 -0.1755   0.4712 ]
 [ 0.2007  -0.00121 -0.17603  0.4712 ]
 [ 0.2007  -0.00031 -0.18349 -0.4189 ]
 [ 0.2007  -0.0002  -0.18407 -0.4189 ]
 [-0.2007   0.00183 -0.46743  0.4712 ]
 [-0.2007   0.00282 -0.47537 -0.4189 ]
 [ 0.2007  -0.00142 -0.17484  0.4712 ]
 [ 0.2007  -0.00043 -0.18277 -0.4189 ]
 [-0.2007   0.00485 -0.47884  0.4712 ]
 [-0.2007   0.00534 -0.47884  0.4712 ]
 [-0.2007   0.0059  -0.48698 -0.4189 ]
 [-0.2007   0.0064  -0.48698 -0.4189 ]
 [ 0.2007   0.00016 -0.18511 -0.4189 ]
 [ 0.2007   0.00024 -0.18511 -0.4189 ]
 [-0.2007   0.00435 -0.47826  0.4712 ]
 [-0.2007   0.00539 -0.4864  -0.4189 ]
 [ 0.2007   0.00008 -0.18501 -0.4189 ]
 [-0.2007   0.00174  0.16955  0.4712 ]
 [ 0.01941  0.00191  0.3109   0.4712 ]
 [-0.2007   0.00265  0.1624  -0.4189 ]
 [ 0.02852  0.00283  0.30961 -0.4189 ]
 [-0.11289 -0.00921 -0.05251  0.4712 ]
 [-0.2007  -0.00161  0.15002  0.4712 ]
 [-0.10378 -0.0083  -0.05381 -0.4189 ]
 [-0.2007  -0.00338 -0.36572  0.4712 ]
 [-0.19873 -0.00408 -0.32971  0.4712 ]
 [-0.2007  -0.00338 -0.21527  0.4712 ]
 [-0.18962 -0.00316 -0.33101 -0.4189 ]
 [-0.2007  -0.0017  -0.43399  0.10904]
 [-0.1953  -0.00115 -0.43476 -0.4189 ]
 [-0.2007  -0.00113 -0.44001 -0.01271]
 [-0.19654 -0.00071 -0.4406  -0.4189 ]
 [-0.2007  -0.0003  -0.44846 -0.19198]
 [-0.19838 -0.00006 -0.44879 -0.4189 ]
 [-0.2007   0.0005  -0.45617 -0.36425]
 [-0.2007   0.00076 -0.45848 -0.4189 ]
 [-0.20014  0.00056 -0.45625 -0.4189 ]
 [-0.2007  -0.00037  0.16438 -0.17699]
 [-0.19822 -0.00012  0.16403 -0.4189 ]
 [-0.19538 -0.00467 -0.29877  0.4712 ]
 [-0.2007  -0.00306 -0.09173  0.4712 ]
 [-0.18627 -0.00375 -0.30006 -0.4189 ]
 [-0.2007  -0.00046  0.1575  -0.15732]
 [-0.19802 -0.00019  0.15712 -0.4189 ]
 [-0.15529 -0.00753 -0.14553  0.4712 ]
 [-0.2007  -0.00188  0.12396  0.4712 ]
 [-0.14618 -0.00662 -0.14682 -0.4189 ]
 [-0.2007  -0.00041  0.16185 -0.16786]
 [-0.19813 -0.00015  0.16149 -0.4189 ]
 [-0.17589 -0.0064  -0.20674  0.4712 ]
 [-0.16634 -0.00697 -0.17616  0.4712 ]
 [-0.2007  -0.00219  0.08479  0.4712 ]
 [-0.2007  -0.00202  0.10803  0.4712 ]
 [-0.16678 -0.00549 -0.20803 -0.4189 ]
 [-0.15723 -0.00605 -0.17745 -0.4189 ]
 [-0.2007  -0.00043  0.16013 -0.16299]
 [-0.2007  -0.00042  0.16099 -0.16531]
 [-0.19808 -0.00017  0.15975 -0.4189 ]
 [-0.1981  -0.00016  0.16062 -0.4189 ]
 [-0.2007   0.00076 -0.4594   0.4712 ]
 [-0.2007   0.0013  -0.46369  0.4712 ]
 [-0.2007   0.00173 -0.46719 -0.4189 ]
 [-0.2007   0.00228 -0.47156 -0.4189 ]
 [ 0.2007  -0.00166 -0.17303  0.4712 ]
 [ 0.2007  -0.00153 -0.17402  0.4712 ]
 [ 0.2007  -0.00069 -0.18082 -0.4189 ]
 [ 0.2007  -0.00055 -0.18189 -0.4189 ]
 [-0.2007   0.00336 -0.4755   0.4712 ]
 [-0.2007   0.00386 -0.47715  0.4712 ]
 [-0.2007   0.00438 -0.48358 -0.4189 ]
 [-0.2007   0.00489 -0.48526 -0.4189 ]
 [ 0.2007  -0.00112 -0.17642  0.4712 ]
 [ 0.2007  -0.00103 -0.1767   0.4712 ]
 [ 0.2007  -0.0001  -0.1845  -0.4189 ]
 [ 0.2007  -0.00001 -0.18481 -0.4189 ]
 [-0.2007   0.00376  0.14129  0.4712 ]
 [-0.2007   0.00332  0.14789  0.4712 ]
 [-0.15524  0.00421  0.16479  0.4712 ]
 [-0.13129  0.00388  0.1856   0.4712 ]
 [-0.2007   0.00459  0.13529 -0.4189 ]
 [-0.2007   0.00417  0.14165 -0.4189 ]
 [-0.14613  0.00513  0.1635  -0.4189 ]
 [-0.12218  0.0048   0.18431 -0.4189 ]
 [-0.2007   0.00258  0.15846  0.4712 ]
 [-0.2007   0.00293  0.15356  0.4712 ]
 [-0.07885  0.00318  0.2302   0.4712 ]
 [-0.10596  0.00354  0.2073   0.4712 ]
 [-0.2007   0.00346  0.15181 -0.4189 ]
 [-0.2007   0.00379  0.1471  -0.4189 ]
 [-0.06974  0.00409  0.22891 -0.4189 ]
 [-0.09685  0.00445  0.20601 -0.4189 ]
 [-0.2007   0.00199  0.16637  0.4712 ]
 [-0.2007   0.00227  0.1627   0.4712 ]
 [-0.01697  0.00237  0.28139  0.4712 ]
 [-0.04942  0.00279  0.25472  0.4712 ]
 [-0.2007   0.00289  0.15937 -0.4189 ]
 [-0.2007   0.00316  0.15587 -0.4189 ]
 [-0.00786  0.00329  0.28009 -0.4189 ]
 [-0.04031  0.00371  0.25342 -0.4189 ]
 [-0.2007  -0.00063  0.18436  0.4712 ]
 [ 0.2007  -0.00909  0.47705  0.4712 ]
 [-0.2007   0.00037  0.17715 -0.33662]
 [ 0.2007  -0.00798  0.46912 -0.4189 ]
 [-0.19986  0.00046  0.17703 -0.4189 ]
 [-0.2007  -0.00084  0.18212  0.4712 ]
 [ 0.2007  -0.01148  0.45099  0.4712 ]
 [-0.2007   0.00015  0.17582 -0.28796]
 [ 0.2007  -0.01032  0.4436  -0.4189 ]
 [-0.19936  0.00028  0.17563 -0.4189 ]
 [-0.2007  -0.00069  0.18389  0.4712 ]
 [ 0.2007  -0.00966  0.47238  0.4712 ]
 [-0.2007   0.00031  0.1769  -0.32328]
 [ 0.2007  -0.00854  0.46454 -0.4189 ]
 [-0.19972  0.00041  0.17676 -0.4189 ]
 [-0.2007   0.00049  0.18235  0.4712 ]
 [-0.2007   0.00148  0.17448 -0.4189 ]
 [ 0.2007  -0.00234  0.47202  0.4712 ]
 [ 0.2007  -0.00136  0.46415 -0.4189 ]
 [-0.2007  -0.00014  0.18549  0.4712 ]
 [-0.2007   0.00089  0.17736 -0.4189 ]
 [ 0.2007  -0.00545  0.48687  0.4712 ]
 [ 0.2007  -0.00442  0.47874 -0.4189 ]
 [-0.2007   0.00014  0.18454  0.4712 ]
 [-0.2007   0.00115  0.1765  -0.4189 ]
 [ 0.2007  -0.00393  0.48184  0.4712 ]
 [ 0.2007  -0.00292  0.4738  -0.4189 ]
 [-0.03271 -0.0115   0.07773  0.4712 ]
 [-0.05556 -0.01092  0.04415  0.4712 ]
 [-0.2007  -0.00139  0.16503  0.4712 ]
 [-0.2007  -0.00143  0.16227  0.4712 ]
 [-0.0236  -0.01058  0.07644 -0.4189 ]
 [-0.04645 -0.01     0.04286 -0.4189 ]
 [-0.2007  -0.00029  0.1676  -0.19302]
 [-0.2007  -0.00031  0.16681 -0.18856]
 [-0.19839 -0.00006  0.16727 -0.4189 ]
 [-0.19834 -0.00008  0.16648 -0.4189 ]
 [ 0.01951 -0.0127   0.14787  0.4712 ]
 [-0.00775 -0.01209  0.11225  0.4712 ]
 [-0.2007  -0.0013   0.16942  0.4712 ]
 [-0.2007  -0.00134  0.16738  0.4712 ]
 [ 0.02862 -0.01179  0.14658 -0.4189 ]
 [ 0.00136 -0.01118  0.11096 -0.4189 ]
 [-0.2007  -0.00025  0.16912 -0.20294]
 [-0.2007  -0.00027  0.16837 -0.19781]
 [-0.19849 -0.00002  0.16881 -0.4189 ]
 [-0.19844 -0.00004  0.16805 -0.4189 ]
 [-0.09554 -0.00978 -0.02084  0.4712 ]
 [-0.07646 -0.01034  0.01134  0.4712 ]
 [-0.2007  -0.00154  0.15499  0.4712 ]
 [-0.2007  -0.00149  0.15899  0.4712 ]
 [-0.08643 -0.00886 -0.02214 -0.4189 ]
 [-0.06736 -0.00943  0.01004 -0.4189 ]
 [-0.2007  -0.00035  0.1652  -0.18056]
 [-0.2007  -0.00033  0.16601 -0.18441]
 [-0.19826 -0.00011  0.16486 -0.4189 ]
 [-0.1983  -0.00009  0.16567 -0.4189 ]
 [-0.2007  -0.00106  0.17784  0.4712 ]
 [-0.2007  -0.0011   0.17675  0.4712 ]
 [ 0.2007  -0.01521  0.37616  0.4712 ]
 [-0.2007  -0.00007  0.1732  -0.24196]
 [-0.2007  -0.0001   0.17258 -0.23437]
 [ 0.2007  -0.01607  0.35285  0.4712 ]
 [ 0.19867 -0.01604  0.35073  0.4712 ]
 [ 0.2007  -0.01583  0.35044  0.27237]
 [ 0.2007  -0.01486  0.34636 -0.4189 ]
 [ 0.2007  -0.01397  0.37037 -0.4189 ]
 [-0.19889  0.00012  0.17295 -0.4189 ]
 [-0.19881  0.00009  0.17231 -0.4189 ]
 [-0.2007  -0.00097  0.17977  0.4712 ]
 [-0.2007  -0.00102  0.17885  0.4712 ]
 [ 0.2007  -0.01358  0.41403  0.4712 ]
 [ 0.2007  -0.01437  0.39674  0.4712 ]
 [-0.2007   0.00001  0.17435 -0.25866]
 [-0.2007  -0.00003  0.17379 -0.25005]
 [ 0.2007  -0.01238  0.40742 -0.4189 ]
 [ 0.2007  -0.01315  0.3905  -0.4189 ]
 [-0.19906  0.00018  0.17412 -0.4189 ]
 [-0.19897  0.00015  0.17355 -0.4189 ]
 [-0.2007  -0.00122  0.17282  0.4712 ]
 [-0.2007  -0.00126  0.17122  0.4712 ]
 [ 0.08188 -0.01398  0.22334  0.4712 ]
 [ 0.04929 -0.01333  0.18482  0.4712 ]
 [-0.2007  -0.00019  0.17057 -0.2143 ]
 [-0.2007  -0.00022  0.16985 -0.20843]
 [ 0.09099 -0.01306  0.22205 -0.4189 ]
 [ 0.0584  -0.01241  0.18353 -0.4189 ]
 [-0.19861  0.00002  0.17027 -0.4189 ]
 [-0.19855 -0.       0.16955 -0.4189 ]
 [-0.2007  -0.00114  0.17556  0.4712 ]
 [-0.2007  -0.00118  0.17426  0.4712 ]
 [ 0.11762 -0.01465  0.26371  0.4712 ]
 [-0.2007  -0.00013  0.17194 -0.22724]
 [-0.2007  -0.00017  0.17126 -0.22056]
 [ 0.15379 -0.0153   0.30288  0.4712 ]
 [ 0.15683 -0.01535  0.30624  0.4712 ]
 [ 0.12673 -0.01373  0.26242 -0.4189 ]
 [-0.19874  0.00006  0.17166 -0.4189 ]
 [-0.19867  0.00004  0.17098 -0.4189 ]
 [ 0.1629  -0.01438  0.30158 -0.4189 ]
 [ 0.16594 -0.01444  0.30495 -0.4189 ]
 [-0.19043 -0.00526 -0.26799  0.4712 ]
 [-0.18392 -0.00583 -0.23733  0.4712 ]
 [-0.2007  -0.0027  -0.00549  0.4712 ]
 [-0.2007  -0.00241  0.04957  0.4712 ]
 [-0.18132 -0.00434 -0.26928 -0.4189 ]
 [-0.17481 -0.00492 -0.23862 -0.4189 ]
 [-0.2007  -0.00045  0.15838 -0.159  ]
 [-0.2007  -0.00044  0.15925 -0.16089]
 [-0.19804 -0.00018  0.158   -0.4189 ]
 [-0.19806 -0.00018  0.15888 -0.4189 ]
 [-0.1286  -0.00865 -0.08379  0.4712 ]
 [-0.14272 -0.00809 -0.11476  0.4712 ]
 [-0.2007  -0.00168  0.14366  0.4712 ]
 [-0.2007  -0.00177  0.1353   0.4712 ]
 [-0.11949 -0.00774 -0.08508 -0.4189 ]
 [-0.13361 -0.00718 -0.11606 -0.4189 ]
 [-0.2007  -0.00038  0.16354 -0.17369]
 [-0.2007  -0.0004   0.1627  -0.17065]
 [-0.19819 -0.00013  0.16319 -0.4189 ]
 [-0.19816 -0.00014  0.16234 -0.4189 ]
 [ 0.2007   0.00314  0.32199 -0.4189 ]
 [ 0.19894 -0.00038 -0.17597  0.4712 ]
 [ 0.2007  -0.0002  -0.17622  0.29901]
 [ 0.19882 -0.00034 -0.17555  0.4712 ]
 [ 0.2007  -0.00015 -0.17582  0.28796]
 [ 0.2007  -0.001    0.46068  0.4712 ]
 [ 0.19906 -0.00042 -0.17635  0.4712 ]
 [ 0.2007  -0.00025 -0.17659  0.31076]
 [ 0.19872 -0.0003  -0.17509  0.4712 ]
 [ 0.2007  -0.0001  -0.17537  0.27758]
 [ 0.19919 -0.00046 -0.17668  0.4712 ]
 [ 0.2007  -0.00031 -0.1769   0.32328]
 [ 0.19862 -0.00026 -0.17458  0.4712 ]
 [ 0.2007  -0.00005 -0.17488  0.26783]
 [ 0.19932 -0.00051 -0.17696  0.4712 ]
 [ 0.2007  -0.00037 -0.17715  0.33662]
 [ 0.19852 -0.00023 -0.17404  0.4712 ]
 [ 0.2007  -0.00001 -0.17435  0.25866]
 [ 0.19947 -0.00056 -0.17718  0.4712 ]
 [ 0.2007  -0.00044 -0.17735  0.35082]
 [ 0.19844 -0.0002  -0.17347  0.4712 ]
 [ 0.2007   0.00003 -0.17379  0.25005]
 [ 0.19962 -0.00062 -0.17733  0.4712 ]
 [ 0.2007  -0.00051 -0.17749  0.36596]
 [ 0.19835 -0.00017 -0.17287  0.4712 ]
 [ 0.2007   0.00007 -0.1732   0.24196]
 [ 0.19979 -0.00068 -0.17742  0.4712 ]
 [ 0.2007  -0.00059 -0.17755  0.38211]
 [ 0.19828 -0.00014 -0.17224  0.4712 ]
 [ 0.2007   0.0001  -0.17258  0.23437]
 [ 0.19996 -0.00074 -0.17744  0.4712 ]
 [ 0.2007  -0.00067 -0.17754  0.39934]
 [ 0.1982  -0.00012 -0.17158  0.4712 ]
 [ 0.2007   0.00013 -0.17194  0.22724]
 [ 0.20015 -0.00081 -0.17738  0.4712 ]
 [ 0.2007  -0.00075 -0.17745  0.41774]
 [ 0.20035 -0.00088 -0.17722  0.4712 ]
 [ 0.2007  -0.00084 -0.17727  0.43742]
 [ 0.20057 -0.00095 -0.17698  0.4712 ]
 [ 0.2007  -0.00094 -0.177    0.45847]
 [ 0.2007  -0.001   -0.17678  0.4712 ]
 [-0.2007  -0.00057  0.18475  0.4712 ]
 [-0.2007  -0.00051  0.18507  0.4712 ]
 [ 0.2007  -0.00855  0.48074  0.4712 ]
 [ 0.2007  -0.00801  0.48354  0.4712 ]
 [-0.2007   0.00044  0.17735 -0.35082]
 [-0.2007   0.00051  0.17749 -0.36596]
 [ 0.2007  -0.00745  0.47273 -0.4189 ]
 [ 0.2007  -0.00692  0.47548 -0.4189 ]
 [-0.2      0.00051  0.17725 -0.4189 ]
 [-0.20016  0.00057  0.17741 -0.4189 ]
 [-0.2007  -0.0003   0.18559  0.4712 ]
 [-0.2007  -0.00023  0.18559  0.4712 ]
 [ 0.2007  -0.00646  0.48746  0.4712 ]
 [ 0.2007  -0.00596  0.48746  0.4712 ]
 [-0.2007   0.00082  0.17744 -0.4189 ]
 [ 0.2007  -0.00541  0.47931 -0.4189 ]
 [ 0.2007  -0.00491  0.47931 -0.4189 ]
 [-0.2007   0.00076  0.17744 -0.4189 ]
 [-0.2007   0.00075  0.17745 -0.41774]
 [-0.20069  0.00075  0.17745 -0.4189 ]
 [-0.2007  -0.00045  0.18532  0.4712 ]
 [-0.2007  -0.00038  0.1855   0.4712 ]
 [ 0.2007  -0.00749  0.48555  0.4712 ]
 [ 0.2007  -0.00697  0.48684  0.4712 ]
 [-0.2007   0.00059  0.17755 -0.38211]
 [-0.2007   0.00067  0.17754 -0.39934]
 [ 0.2007  -0.00641  0.47744 -0.4189 ]
 [ 0.2007  -0.00591  0.47871 -0.4189 ]
 [-0.20032  0.00062  0.1775  -0.4189 ]
 [-0.2005   0.00069  0.17752 -0.4189 ]
 [-0.2007  -0.00089  0.18141  0.4712 ]
 [-0.2007  -0.00093  0.18062  0.4712 ]
 [ 0.2007  -0.01214  0.44077  0.4712 ]
 [ 0.2007  -0.01284  0.42856  0.4712 ]
 [-0.2007   0.0001   0.17537 -0.27758]
 [-0.2007   0.00005  0.17488 -0.26783]
 [ 0.2007  -0.01097  0.43359 -0.4189 ]
 [ 0.2007  -0.01165  0.42164 -0.4189 ]
 [-0.19925  0.00025  0.17516 -0.4189 ]
 [-0.19915  0.00021  0.17466 -0.4189 ]
 [-0.2007  -0.00079  0.18278  0.4712 ]
 [-0.2007  -0.00074  0.18337  0.4712 ]
 [ 0.2007  -0.01085  0.45952  0.4712 ]
 [ 0.2007  -0.01024  0.46659  0.4712 ]
 [-0.2007   0.0002   0.17622 -0.29901]
 [-0.2007   0.00025  0.17659 -0.31076]
 [ 0.2007  -0.0097   0.45195 -0.4189 ]
 [ 0.2007  -0.00911  0.45887 -0.4189 ]
 [-0.19947  0.00032  0.17605 -0.4189 ]
 [-0.19959  0.00037  0.17643 -0.4189 ]
 [-0.2007   0.00063  0.18128  0.4712 ]
 [-0.2007   0.00078  0.18     0.4712 ]
 [-0.2007   0.0016   0.17348 -0.4189 ]
 [-0.2007   0.00174  0.17229 -0.4189 ]
 [ 0.2007  -0.00179  0.46764  0.4712 ]
 [ 0.2007  -0.00121  0.46268  0.4712 ]
 [ 0.2007  -0.00081  0.45985 -0.4189 ]
 [ 0.2007  -0.00025  0.45497 -0.4189 ]
 [-0.2007   0.00151  0.1723   0.4712 ]
 [-0.2007   0.0013   0.17468  0.4712 ]
 [-0.2007   0.00243  0.16502 -0.4189 ]
 [-0.2007   0.00223  0.16728 -0.4189 ]
 [ 0.06099  0.0014   0.34423  0.4712 ]
 [ 0.1096   0.0008   0.38274  0.4712 ]
 [ 0.0701   0.00231  0.34294 -0.4189 ]
 [ 0.11871  0.00172  0.38144 -0.4189 ]
 [-0.2007   0.00094  0.17849  0.4712 ]
 [-0.2007   0.00111  0.17673  0.4712 ]
 [-0.2007   0.00189  0.17088 -0.4189 ]
 [-0.2007   0.00205  0.16922 -0.4189 ]
 [ 0.19961 -0.00061  0.45632  0.4712 ]
 [ 0.2007   0.00033  0.44947 -0.4189 ]
 [ 0.19865 -0.00027  0.45227  0.4712 ]
 [ 0.16791  0.00009  0.42843  0.4712 ]
 [ 0.2007  -0.0005   0.45617  0.36425]
 [ 0.2007   0.00073  0.44551 -0.4189 ]
 [ 0.17702  0.00101  0.42713 -0.4189 ]
 [ 0.2007  -0.00007  0.45198  0.27068]
 [-0.2007  -0.00005  0.18529  0.4712 ]
 [-0.2007   0.00004  0.18498  0.4712 ]
 [-0.2007   0.00097  0.17718 -0.4189 ]
 [-0.2007   0.00106  0.1769  -0.4189 ]
 [ 0.2007  -0.00495  0.48573  0.4712 ]
 [ 0.2007  -0.00444  0.48405  0.4712 ]
 [ 0.2007  -0.00392  0.47762 -0.4189 ]
 [ 0.2007  -0.00342  0.47597 -0.4189 ]
 [-0.2007   0.00037  0.18324  0.4712 ]
 [-0.2007   0.00025  0.18396  0.4712 ]
 [-0.2007   0.00136  0.17531 -0.4189 ]
 [-0.2007   0.00125  0.17597 -0.4189 ]
 [ 0.2007  -0.00288  0.47583  0.4712 ]
 [ 0.2007  -0.00341  0.4791   0.4712 ]
 [ 0.2007  -0.00189  0.4679  -0.4189 ]
 [ 0.2007  -0.00241  0.47111 -0.4189 ]
 [-0.18434 -0.00232 -0.41757  0.4712 ]
 [-0.13219 -0.00297 -0.37577  0.4712 ]
 [ 0.2007  -0.00249 -0.16459  0.4712 ]
 [ 0.2007  -0.0027  -0.16198  0.4712 ]
 [-0.17523 -0.0014  -0.41886 -0.4189 ]
 [-0.12308 -0.00205 -0.37707 -0.4189 ]
 [ 0.2007  -0.00157 -0.17187 -0.4189 ]
 [ 0.2007  -0.00179 -0.16913 -0.4189 ]
 [-0.04653 -0.00406 -0.30584  0.4712 ]
 [-0.0868  -0.00354 -0.33894  0.4712 ]
 [ 0.2007  -0.00321 -0.15546  0.4712 ]
 [ 0.2007  -0.00294 -0.15896  0.4712 ]
 [-0.03742 -0.00314 -0.30714 -0.4189 ]
 [-0.07769 -0.00262 -0.34024 -0.4189 ]
 [ 0.2007  -0.00232 -0.1623  -0.4189 ]
 [ 0.2007  -0.00205 -0.16596 -0.4189 ]
 [ 0.08302 -0.00579 -0.19576  0.4712 ]
 [ 0.05397 -0.00539 -0.221    0.4712 ]
 [ 0.2007  -0.00464 -0.13494  0.4712 ]
 [ 0.2007  -0.00421 -0.14128  0.4712 ]
 [ 0.09213 -0.00488 -0.19705 -0.4189 ]
 [ 0.06308 -0.00448 -0.2223  -0.4189 ]
 [ 0.2007  -0.00381 -0.14094 -0.4189 ]
 [ 0.2007  -0.00337 -0.14752 -0.4189 ]
 [-0.0102  -0.00453 -0.27558  0.4712 ]
 [ 0.02308 -0.00498 -0.24747  0.4712 ]
 [ 0.2007  -0.00351 -0.15142  0.4712 ]
 [ 0.2007  -0.00384 -0.14672  0.4712 ]
 [-0.00109 -0.00362 -0.27687 -0.4189 ]
 [ 0.03219 -0.00406 -0.24876 -0.4189 ]
 [ 0.2007  -0.00263 -0.15807 -0.4189 ]
 [ 0.2007  -0.00298 -0.15318 -0.4189 ]
 [-0.03819  0.01136 -0.18233  0.4712 ]
 [-0.02908  0.01227 -0.18362 -0.4189 ]
 [ 0.19801 -0.00005 -0.16947  0.4712 ]
 [ 0.2007   0.00118 -0.17111 -0.4189 ]
 [ 0.2007   0.00022 -0.16985  0.20843]
 [ 0.03729  0.00967 -0.08376  0.4712 ]
 [ 0.0464   0.01059 -0.08505 -0.4189 ]
 [ 0.19785  0.00001 -0.16719  0.4712 ]
 [ 0.2007   0.0013  -0.16523 -0.4189 ]
 [ 0.2007   0.00029 -0.1676   0.19302]
 [ 0.1384   0.00654  0.09316  0.4712 ]
 [ 0.14751  0.00746  0.09187 -0.4189 ]
 [ 0.19762  0.00009 -0.16227  0.4712 ]
 [ 0.2007   0.00166 -0.13754 -0.4189 ]
 [ 0.2007   0.0004  -0.1627   0.17065]
 [ 0.09506  0.00809  0.00689  0.4712 ]
 [ 0.10417  0.00901  0.00559 -0.4189 ]
 [ 0.19773  0.00005 -0.16478  0.4712 ]
 [ 0.2007   0.00145 -0.15581 -0.4189 ]
 [ 0.2007   0.00035 -0.1652   0.18056]
 [ 0.18671  0.0034   0.26196  0.4712 ]
 [ 0.19749  0.00014 -0.15704  0.4712 ]
 [ 0.18979  0.00286  0.29032  0.4712 ]
 [ 0.1989   0.00377  0.28903 -0.4189 ]
 [ 0.19582  0.00432  0.26067 -0.4189 ]
 [ 0.2007   0.00314  0.18425 -0.4189 ]
 [ 0.2007   0.00284  0.071   -0.4189 ]
 [ 0.2007   0.00046 -0.1575   0.15732]
 [ 0.16884  0.00499  0.17757  0.4712 ]
 [ 0.17795  0.00591  0.17628 -0.4189 ]
 [ 0.19755  0.00012 -0.15968  0.4712 ]
 [ 0.2007   0.00204 -0.091   -0.4189 ]
 [ 0.2007   0.00043 -0.16013  0.16299]
 [ 0.18217  0.00394  0.23374  0.4712 ]
 [ 0.17621  0.00447  0.20563  0.4712 ]
 [ 0.19128  0.00485  0.23245 -0.4189 ]
 [ 0.18532  0.00538  0.20434 -0.4189 ]
 [ 0.1975   0.00013 -0.15792  0.4712 ]
 [ 0.19752  0.00012 -0.1588   0.4712 ]
 [ 0.2007   0.00252 -0.00811 -0.4189 ]
 [ 0.2007   0.00225 -0.05864 -0.4189 ]
 [ 0.2007   0.00045 -0.15838  0.159  ]
 [ 0.2007   0.00044 -0.15925  0.16089]
 [-0.10114  0.01257 -0.255    0.4712 ]
 [-0.06821  0.01195 -0.2178   0.4712 ]
 [-0.09203  0.01349 -0.25629 -0.4189 ]
 [-0.0591   0.01287 -0.21909 -0.4189 ]
 [ 0.19813 -0.00009 -0.1709   0.4712 ]
 [ 0.19807 -0.00007 -0.1702   0.4712 ]
 [ 0.2007   0.0011  -0.17403 -0.4189 ]
 [ 0.2007   0.00114 -0.17265 -0.4189 ]
 [ 0.2007   0.00017 -0.17126  0.22056]
 [ 0.2007   0.00019 -0.17057  0.2143 ]
 [-0.01077  0.01078 -0.14831  0.4712 ]
 [ 0.01432  0.01022 -0.11551  0.4712 ]
 [-0.00166  0.0117  -0.1496  -0.4189 ]
 [ 0.02343  0.01114 -0.11681 -0.4189 ]
 [ 0.19795 -0.00003 -0.16873  0.4712 ]
 [ 0.1979  -0.00001 -0.16797  0.4712 ]
 [ 0.2007   0.00122 -0.1694  -0.4189 ]
 [ 0.2007   0.00126 -0.16746 -0.4189 ]
 [ 0.2007   0.00025 -0.16912  0.20294]
 [ 0.2007   0.00027 -0.16837  0.19781]
 [ 0.12543  0.00706  0.06472  0.4712 ]
 [ 0.11101  0.00757  0.03599  0.4712 ]
 [ 0.13454  0.00797  0.06342 -0.4189 ]
 [ 0.12012  0.00849  0.0347  -0.4189 ]
 [ 0.19766  0.00008 -0.16311  0.4712 ]
 [ 0.19769  0.00006 -0.16395  0.4712 ]
 [ 0.2007   0.00158 -0.14527 -0.4189 ]
 [ 0.2007   0.00151 -0.15118 -0.4189 ]
 [ 0.2007   0.00038 -0.16354  0.17369]
 [ 0.2007   0.00037 -0.16438  0.17699]
 [ 0.05831  0.00914 -0.05286  0.4712 ]
 [ 0.07753  0.00861 -0.02269  0.4712 ]
 [ 0.06742  0.01005 -0.05416 -0.4189 ]
 [ 0.08664  0.00953 -0.02399 -0.4189 ]
 [ 0.19781  0.00002 -0.1664   0.4712 ]
 [ 0.19776  0.00004 -0.1656   0.4712 ]
 [ 0.2007   0.00135 -0.16263 -0.4189 ]
 [ 0.2007   0.00139 -0.15955 -0.4189 ]
 [ 0.2007   0.00031 -0.16681  0.18856]
 [ 0.2007   0.00033 -0.16601  0.18441]
 [ 0.14994  0.00603  0.1214   0.4712 ]
 [ 0.16008  0.00551  0.14952  0.4712 ]
 [ 0.15905  0.00694  0.12011 -0.4189 ]
 [ 0.16919  0.00643  0.14822 -0.4189 ]
 [ 0.1976   0.0001  -0.16141  0.4712 ]
 [ 0.19757  0.00011 -0.16055  0.4712 ]
 [ 0.2007   0.00176 -0.12707 -0.4189 ]
 [ 0.2007   0.00189 -0.11238 -0.4189 ]
 [ 0.2007   0.00041 -0.16185  0.16786]
 [ 0.2007   0.00042 -0.16099  0.16531]]