[[ 0.2007  -0.01402  0.24524]
 [ 0.2007  -0.0125   0.16688]
 [-0.2007   0.00571  0.11815]
 [ 0.2007  -0.01582  0.33994]
 [ 0.2007  -0.01606  0.35276]
 [ 0.11478 -0.0146   0.2605 ]
 [-0.2007   0.01526 -0.37191]
 [-0.2007  -0.00098 -0.443  ]
 [-0.2007  -0.00141 -0.4384 ]
 [ 0.2007  -0.00191 -0.17035]
 [-0.2007   0.01186 -0.19064]
 [-0.2007   0.01057 -0.12409]
 [-0.2007   0.01522 -0.36984]
 [-0.2007   0.01339 -0.27108]
 [-0.19992  0.01525 -0.37108]
 [-0.2007   0.00372  0.1476 ]
 [-0.11223  0.00436  0.19728]
 [ 0.08102 -0.01394  0.22318]
 [ 0.04774 -0.01325  0.18474]
 [-0.2007  -0.00025  0.17068]
 [-0.2007  -0.00027  0.16991]
 [ 0.15381 -0.0153   0.30287]
 [ 0.11763 -0.01465  0.26371]
 [-0.2007  -0.00022  0.17143]
 [ 0.2007   0.00314  0.29882]
 [-0.05807 -0.01075  0.04619]
 [-0.07893 -0.01017  0.01426]
 [-0.2007  -0.00034  0.16669]
 [-0.2007  -0.00036  0.16586]
 [-0.03517 -0.01135  0.07901]
 [-0.2007  -0.00033  0.16752]
 [-0.13057 -0.00846 -0.07757]
 [-0.14446 -0.0079  -0.10726]
 [-0.2007  -0.0004   0.16329]
 [-0.2007  -0.00041  0.16242]
 [-0.09789 -0.00959 -0.01692]
 [-0.11507 -0.00902 -0.04749]
 [-0.2007  -0.00037  0.16501]
 [-0.2007  -0.00039  0.16415]
 [-0.19581 -0.00454 -0.28187]
 [-0.19102 -0.00511 -0.25283]
 [-0.2007  -0.00046  0.15708]
 [-0.2007  -0.00046  0.15798]
 [-0.2007  -0.00338 -0.34028]
 [-0.19905 -0.00396 -0.311  ]
 [-0.2007  -0.00047  0.15618]
 [-0.16759 -0.00679 -0.16583]
 [-0.15678 -0.00735 -0.13665]
 [-0.2007  -0.00043  0.16066]
 [-0.2007  -0.00042  0.16154]
 [-0.18471 -0.00567 -0.22386]
 [-0.1769  -0.00623 -0.19487]
 [-0.2007  -0.00045  0.15888]
 [-0.2007  -0.00044  0.15977]
 [-0.12142  0.01402 -0.28809]
 [ 0.2007  -0.00725 -0.09498]
 [ 0.2007   0.00007  0.45198]
 [-0.2007   0.00455  0.13556]
 [-0.2007   0.00411  0.14203]
 [-0.15652  0.00502  0.15813]
 [-0.13487  0.00469  0.17741]
 [ 0.15686 -0.01535  0.30624]
 [ 0.19549 -0.01598  0.34721]
 [ 0.19874 -0.01603  0.35072]
 [-0.2007  -0.0002   0.17216]
 [-0.2007  -0.00017  0.17287]
 [ 0.2007  -0.01035  0.45623]
 [-0.2007   0.00007  0.17705]
 [ 0.2007  -0.0151   0.37566]
 [-0.2007  -0.00014  0.17355]
 [ 0.2007  -0.0125   0.42659]
 [-0.2007  -0.00004  0.17545]
 [ 0.2007   0.00036 -0.16586]
 [ 0.08886  0.00937 -0.02663]
 [ 0.2007   0.0004  -0.16329]
 [ 0.13633  0.0078   0.05778]
 [ 0.2007   0.00031 -0.16833]
 [ 0.2007   0.00029 -0.16913]
 [ 0.02549  0.01102 -0.1174 ]
 [ 0.00013  0.0116  -0.14977]
 [ 0.2007   0.00034 -0.16669]
 [ 0.2007   0.00033 -0.16752]
 [ 0.06968  0.00991 -0.056  ]
 [ 0.04861  0.01046 -0.0862 ]
 [ 0.2007   0.00047 -0.15618]
 [ 0.2007   0.00046 -0.15708]
 [ 0.19919  0.00367  0.27199]
 [ 0.19622  0.0042   0.24528]
 [ 0.2007   0.00044 -0.15977]
 [ 0.2007   0.00043 -0.16066]
 [ 0.17887  0.00575  0.16549]
 [ 0.17033  0.00626  0.13883]
 [ 0.2007   0.00046 -0.15798]
 [ 0.2007   0.00045 -0.15888]
 [ 0.19182  0.00472  0.21866]
 [ 0.18604  0.00524  0.19208]
 [ 0.01749 -0.0126   0.14807]
 [-0.01006 -0.01197  0.11291]
 [-0.2007  -0.00029  0.16913]
 [-0.2007  -0.00031  0.16833]
 [-0.2007   0.00908 -0.46832]
 [ 0.2007  -0.00017 -0.17792]
 [-0.2007   0.01103 -0.44812]
 [ 0.2007  -0.00003 -0.17655]
 [-0.2007   0.00733 -0.47851]
 [ 0.2007  -0.00033 -0.17885]
 [ 0.2007   0.0002  -0.17216]
 [ 0.2007   0.00017 -0.17287]
 [-0.12808  0.01413 -0.29544]
 [-0.15945  0.01464 -0.32871]
 [-0.16655  0.01475 -0.33639]
 [ 0.2007   0.00022 -0.17143]
 [-0.08581  0.01337 -0.24926]
 [-0.09204  0.01349 -0.25629]
 [ 0.2007   0.00004 -0.17545]
 [ 0.2007   0.00001 -0.17602]
 [-0.2007   0.0125  -0.42659]
 [-0.2007   0.01174 -0.43834]
 [ 0.2007   0.00008 -0.17484]
 [-0.2007   0.01331 -0.41254]
 [-0.2007   0.00253 -0.47207]
 [-0.2007   0.00198 -0.46865]
 [ 0.2007  -0.00106 -0.17749]
 [ 0.2007  -0.00118 -0.17676]
 [-0.2007   0.0036  -0.47737]
 [-0.2007   0.00307 -0.47498]
 [ 0.2007  -0.00086 -0.17851]
 [ 0.2007  -0.00095 -0.17806]
 [-0.2007  -0.00035 -0.44937]
 [-0.2007   0.00026 -0.45508]
 [ 0.2007  -0.00174 -0.17208]
 [ 0.2007  -0.00158 -0.17356]
 [-0.2007   0.00143 -0.46469]
 [-0.2007   0.00085 -0.46018]
 [ 0.2007  -0.0013  -0.17588]
 [ 0.2007  -0.00144 -0.17482]
 [-0.2007   0.00174  0.17208]
 [ 0.17149  0.00045  0.4292 ]
 [-0.2007   0.00144  0.17482]
 [-0.2007   0.00158  0.17356]
 [ 0.2007  -0.00026  0.45508]
 [ 0.2007  -0.00085  0.46018]
 [-0.2007   0.00279  0.16017]
 [-0.03474  0.00324  0.26326]
 [-0.2007   0.00231  0.16599]
 [-0.2007   0.00254  0.16329]
 [ 0.0305   0.00233  0.31692]
 [-0.004    0.0028   0.28873]
 [-0.2007   0.0006   0.17918]
 [ 0.2007  -0.00518  0.48139]
 [-0.2007   0.00045  0.17916]
 [-0.2007   0.00052  0.17921]
 [ 0.2007  -0.00624  0.48125]
 [ 0.2007  -0.00571  0.48162]
 [-0.2007   0.00106  0.17749]
 [ 0.2007  -0.00253  0.47207]
 [-0.2007   0.00086  0.17851]
 [-0.2007   0.00095  0.17806]
 [ 0.2007  -0.0036   0.47737]
 [ 0.2007  -0.00307  0.47498]
 [ 0.2007  -0.0097   0.4629 ]
 [ 0.2007  -0.00908  0.46832]
 [-0.2007   0.00012  0.17751]
 [-0.2007   0.00017  0.17792]
 [ 0.2007  -0.00733  0.47851]
 [ 0.2007  -0.00678  0.48023]
 [-0.2007   0.00033  0.17885]
 [-0.2007   0.00039  0.17904]
 [ 0.2007  -0.00848  0.47265]
 [ 0.2007  -0.0079   0.47601]
 [-0.2007   0.00022  0.17828]
 [-0.2007   0.00027  0.17859]
 [ 0.2007  -0.01417  0.39575]
 [ 0.2007  -0.01331  0.41254]
 [-0.2007  -0.00011  0.17421]
 [-0.2007  -0.00008  0.17484]
 [ 0.2007  -0.01103  0.44812]
 [ 0.2007  -0.01174  0.43834]
 [-0.2007   0.00003  0.17655]
 [-0.2007  -0.00001  0.17602]
 [ 0.2007   0.00037 -0.16501]
 [ 0.2007   0.00039 -0.16415]
 [ 0.10629  0.00884  0.00204]
 [ 0.12209  0.00832  0.03014]
 [ 0.2007   0.00041 -0.16242]
 [ 0.2007   0.00042 -0.16154]
 [ 0.14909  0.00729  0.08505]
 [ 0.16041  0.00678  0.11204]
 [-0.2007   0.00848 -0.47265]
 [-0.2007   0.0079  -0.47601]
 [ 0.2007  -0.00022 -0.17828]
 [ 0.2007  -0.00027 -0.17859]
 [-0.2007   0.0097  -0.4629 ]
 [-0.2007   0.01035 -0.45623]
 [ 0.2007  -0.00012 -0.17751]
 [ 0.2007  -0.00007 -0.17705]
 [-0.2007   0.00518 -0.48139]
 [-0.2007   0.00571 -0.48162]
 [ 0.2007  -0.0006  -0.17918]
 [ 0.2007  -0.00052 -0.17921]
 [-0.2007   0.00413 -0.47924]
 [-0.2007   0.00465 -0.48059]
 [ 0.2007  -0.00076 -0.17883]
 [ 0.2007  -0.00068 -0.17905]
 [-0.2007   0.00678 -0.48023]
 [-0.2007   0.00624 -0.48125]
 [ 0.2007  -0.00039 -0.17904]
 [ 0.2007  -0.00045 -0.17916]
 [ 0.2007   0.00027 -0.16991]
 [ 0.2007   0.00025 -0.17068]
 [-0.02774  0.01221 -0.18355]
 [-0.0584   0.01284 -0.21897]
 [ 0.2007   0.00014 -0.17355]
 [ 0.2007   0.00011 -0.17421]
 [-0.2007   0.0151  -0.37566]
 [-0.2007   0.01417 -0.39575]
 [-0.2007   0.00191  0.17035]
 [-0.2007   0.0021   0.16833]
 [ 0.11611  0.00118  0.38554]
 [ 0.06996  0.00179  0.34876]
 [-0.2007   0.00338  0.15241]
 [-0.2007   0.00307  0.15657]
 [-0.08828  0.004    0.21799]
 [-0.06262  0.00363  0.23985]
 [-0.2007   0.00068  0.17905]
 [-0.2007   0.00076  0.17883]
 [ 0.2007  -0.00465  0.48059]
 [ 0.2007  -0.00413  0.47924]
 [-0.2007   0.0013   0.17588]
 [-0.2007   0.00118  0.17676]
 [ 0.2007  -0.00143  0.46469]
 [ 0.2007  -0.00198  0.46865]
 [-0.18165 -0.00167 -0.42321]
 [-0.13217 -0.00234 -0.38329]
 [ 0.2007  -0.0021  -0.16833]
 [ 0.2007  -0.00231 -0.16599]
 [-0.05096 -0.00347 -0.31651]
 [-0.08913 -0.00293 -0.34812]
 [ 0.2007  -0.00279 -0.16017]
 [ 0.2007  -0.00254 -0.16329]
 [ 0.04417 -0.00484 -0.23551]
 [ 0.2007  -0.00372 -0.1476 ]
 [-0.01655 -0.00396 -0.28761]
 [ 0.01495 -0.00441 -0.26077]
 [ 0.2007  -0.00307 -0.15657]
 [ 0.2007  -0.00338 -0.15241]
 [ 0.09771 -0.00565 -0.18816]
 [ 0.07162 -0.00525 -0.21141]
 [ 0.2007  -0.00455 -0.13556]
 [ 0.2007  -0.00411 -0.14203]]